subID taskName costBefore costAfterSPE costAfterEPI costAfterGRE costAfterGREEPI costAfterGRESPE
VPMBAUS06 TASK-LOC-1000 0.498967 0.489687 0.473313 0.470538 0.471531 0.478998
VPMBAUS01 TASK-LOC-1000 0.499547 0.476704 0.485573 0.480929 0.48541 0.480558
VPMBAUS23 TASK-LOC-1000 0.462864 0.521535 0.449902 0.441469 0.446392 0.472532
VPMBAUS05 TASK-LOC-1000 0.381 0.400039 0.385406 0.384683 0.393328 0.382497
VPMBAUS22 TASK-LOC-1000 0.485175 0.477887 0.486106 0.457196 0.466419 0.500928
VPMBAUS02 TASK-LOC-1000 0.486108 0.508923 0.492047 0.482984 0.490813 0.483324
VPMBAUS11 TASK-LOC-1000 0.557465 0.549706 0.536267 0.519489 0.514087 0.519023
VPMBAUS03 TASK-LOC-1000 0.473381 0.478368 0.480499 0.457804 0.470025 0.459564
VPMBAUS12 TASK-LOC-1000 0.489778 0.505475 0.503165 0.456957 0.471598 0.468692
VPMBAUS15 TASK-LOC-1000 0.470364 0.489003 0.478191 0.458552 0.469624 0.46438
VPMBAUS10 TASK-LOC-1000 0.448553 0.447003 0.435451 0.418262 0.43107 0.422162
VPMBAUS08 TASK-LOC-1000 0.549715 0.539955 0.549636 0.541699 0.54395 0.537819
VPMBAUS16 TASK-LOC-1000 0.463113 0.48305 0.462598 0.438214 0.451576 0.443373
VPMBAUS07 TASK-LOC-1000 0.608607 0.60373 0.58597 0.565692 0.572642 0.567569
VPMBAUS21 TASK-LOC-1000 0.55602 0.614753 0.56338 0.549211 0.551962 0.54952
VPMBAUS06 TASK-AA-0500 0.565516 0.565773 0.556665 0.538568 0.543014 0.543756
VPMBAUS01 TASK-AA-0500 0.568377 0.53536 0.536143 0.541566 0.5514 0.540538
VPMBAUS05 TASK-AA-0500 0.413842 0.43709 0.43284 0.426987 0.439541 0.422902
VPMBAUS23 TASK-AA-0500 0.51268 0.536309 0.517863 0.515183 0.523984 0.520273
VPMBAUS11 TASK-AA-0500 0.600326 0.601294 0.586698 0.58845 0.577311 0.585807
VPMBAUS02 TASK-AA-0500 0.555942 0.545782 0.558571 0.558252 0.565889 0.556936
VPMBAUS22 TASK-AA-0500 0.54075 0.529981 0.530135 0.513669 0.529647 0.550589
VPMBAUS15 TASK-AA-0500 0.513978 0.522567 0.51959 0.531295 0.543211 0.537679
VPMBAUS10 TASK-AA-0500 0.490353 0.476438 0.482257 0.474329 0.491102 0.478781
VPMBAUS08 TASK-AA-0500 0.618518 0.623365 0.61426 0.608363 0.60982 0.602974
VPMBAUS12 TASK-AA-0500 0.52539 0.529889 0.535089 0.530478 0.545144 0.540797
VPMBAUS03 TASK-AA-0500 0.531412 0.548223 0.539373 0.523639 0.537316 0.522903
VPMBAUS07 TASK-AA-0500 0.667964 0.658007 0.646954 0.652403 0.657434 0.652683
VPMBAUS16 TASK-AA-0500 0.508365 0.512295 0.514814 0.496877 0.513925 0.501733
VPMBAUS21 TASK-AA-0500 0.629818 0.667288 0.633762 0.633118 0.634813 0.631398
VPMBAUS06 TASK-AA-0750 0.53177 0.538327 0.53283 0.479646 0.486975 0.485065
VPMBAUS01 TASK-AA-0750 0.560741 0.538863 0.542115 0.520145 0.526913 0.518134
VPMBAUS23 TASK-AA-0750 0.505458 0.516026 0.484388 0.484938 0.489232 0.491035
VPMBAUS05 TASK-AA-0750 0.416302 0.437548 0.42356 0.417599 0.426793 0.416384
VPMBAUS11 TASK-AA-0750 0.577993 0.574908 0.559306 0.557712 0.546329 0.556535
VPMBAUS15 TASK-AA-0750 0.50127 0.524435 0.511049 0.4932 0.502098 0.500209
VPMBAUS22 TASK-AA-0750 0.514155 0.509385 0.513416 0.494977 0.513518 0.531914
VPMBAUS02 TASK-AA-0750 0.509173 0.556882 0.538148 0.543727 0.547559 0.543297
VPMBAUS12 TASK-AA-0750 0.503492 0.562199 0.516124 0.490644 0.504675 0.499259
VPMBAUS08 TASK-AA-0750 0.580439 0.578821 0.589206 0.572798 0.576345 0.566651
VPMBAUS10 TASK-AA-0750 0.483407 0.476912 0.467177 0.451249 0.464859 0.455071
VPMBAUS16 TASK-AA-0750 0.489685 0.525243 0.504763 0.480617 0.489064 0.482836
VPMBAUS03 TASK-AA-0750 0.508273 0.520247 0.513938 0.512313 0.526842 0.51073
VPMBAUS07 TASK-AA-0750 0.647199 0.672458 0.630304 0.628545 0.632104 0.626138
VPMBAUS21 TASK-AA-0750 0.604603 0.653497 0.611271 0.600174 0.601937 0.601165
VPMBAUS11 TASK-AA-1000 0.538566 0.537874 0.523965 0.511494 0.504002 0.51085
VPMBAUS06 TASK-AA-1000 0.529982 0.517388 0.509514 0.495272 0.497777 0.500572
VPMBAUS01 TASK-AA-1000 0.527045 0.484088 0.496255 0.470459 0.478986 0.470145
VPMBAUS23 TASK-AA-1000 0.458392 0.456451 0.44341 0.440384 0.450704 0.471206
VPMBAUS22 TASK-AA-1000 0.487559 0.472871 0.468884 0.457707 0.473325 0.492585
VPMBAUS15 TASK-AA-1000 0.473504 0.489425 0.481469 0.455931 0.46708 0.462362
VPMBAUS02 TASK-AA-1000 0.482806 0.506164 0.493161 0.492845 0.497022 0.493642
VPMBAUS12 TASK-AA-1000 0.474679 0.503528 0.497958 0.461417 0.47161 0.467429
VPMBAUS05 TASK-AA-1000 0.371019 0.401438 0.388766 0.399256 0.408687 0.396803
VPMBAUS21 TASK-AA-1000 0.562215 0.575404 0.55785 0.533735 0.537709 0.534251
VPMBAUS08 TASK-AA-1000 0.56166 0.537447 0.546837 0.540154 0.544144 0.536703
VPMBAUS03 TASK-AA-1000 0.476377 0.474769 0.475026 0.455299 0.469 0.456444
VPMBAUS07 TASK-AA-1000 0.609975 0.607774 0.590644 0.569234 0.576733 0.571024
VPMBAUS16 TASK-AA-1000 0.462662 0.483296 0.462686 0.43739 0.450585 0.442162
VPMBAUS10 TASK-AA-1000 0.440164 0.438179 0.423192 0.414978 0.428044 0.417971
VPMBAUS11 TASK-AA-2500 0.421803 0.435404 0.388462 0.407052 0.406004 0.419602
VPMBAUS06 TASK-AA-2500 0.356318 0.342187 0.321671 0.336546 0.342941 0.345713
VPMBAUS23 TASK-AA-2500 0.294904 0.333384 0.298831 0.302395 0.311871 0.365678
VPMBAUS12 TASK-AA-2500 0.347103 0.343061 0.331283 0.361804 0.37215 0.372871
VPMBAUS21 TASK-AA-2500 0.372999 0.400038 0.342403 0.366144 0.373354 0.38621
VPMBAUS22 TASK-AA-2500 0.358695 0.353608 0.333857 0.348469 0.35658 0.392096
VPMBAUS07 TASK-AA-2500 0.418044 0.447916 0.40705 0.39325 0.408072 0.405399
VPMBAUS01 TASK-AA-2500 0.389956 0.373795 0.354064 0.381221 0.387054 0.380609
VPMBAUS02 TASK-AA-2500 0.337979 0.355738 0.325186 0.340544 0.342681 0.348624
VPMBAUS10 TASK-AA-2500 0.33252 0.303782 0.284129 0.313188 0.317397 0.320273
VPMBAUS03 TASK-AA-2500 0.32902 0.346786 0.308786 0.320768 0.330235 0.327892
VPMBAUS08 TASK-AA-2500 0.418121 0.412378 0.380403 0.394879 0.401225 0.403981
VPMBAUS15 TASK-AA-2500 0.429495 0.477574 0.438176 0.345892 0.351418 0.355475
VPMBAUS05 TASK-AA-2500 0.272049 0.288055 0.260926 0.280693 0.286001 0.288189
VPMBAUS16 TASK-AA-2500 0.323746 0.338334 0.311027 0.321354 0.329968 0.329852
VPMBAUS11 TASK-UA-0500 0.600442 0.602302 0.591491 0.587042 0.577977 0.585333
VPMBAUS23 TASK-UA-0500 0.514417 0.528469 0.511227 0.496638 0.504845 0.500807
VPMBAUS06 TASK-UA-0500 0.573529 0.567755 0.564127 0.572267 0.573143 0.574745
VPMBAUS07 TASK-UA-0500 0.674954 0.675534 0.660381 0.638165 0.647654 0.639489
VPMBAUS21 TASK-UA-0500 0.639934 0.689256 0.656854 0.619284 0.620835 0.618445
VPMBAUS12 TASK-UA-0500 0.510601 0.526305 0.528324 0.522263 0.536887 0.532525
VPMBAUS01 TASK-UA-0500 0.570005 0.55562 0.555148 0.547929 0.55905 0.547272
VPMBAUS22 TASK-UA-0500 0.538444 0.539398 0.537856 0.507056 0.521769 0.544377
VPMBAUS03 TASK-UA-0500 0.543508 0.552786 0.543904 0.518871 0.53475 0.518545
VPMBAUS08 TASK-UA-0500 0.651072 0.657216 0.646513 0.608482 0.611877 0.601398
VPMBAUS02 TASK-UA-0500 0.538526 0.537284 0.548794 0.553288 0.557506 0.551236
VPMBAUS16 TASK-UA-0500 0.510529 0.514545 0.517865 0.492299 0.509537 0.497674
VPMBAUS15 TASK-UA-0500 0.502831 0.523316 0.520017 0.497355 0.506669 0.502904
VPMBAUS10 TASK-UA-0500 0.497265 0.480607 0.486661 0.47581 0.495434 0.48062
VPMBAUS05 TASK-UA-0500 0.406462 0.438809 0.431517 0.421169 0.435036 0.417354
VPMBAUS11 TASK-UA-0750 0.573161 0.581187 0.561894 0.553877 0.540819 0.551347
VPMBAUS23 TASK-UA-0750 0.497424 0.507088 0.480718 0.497221 0.501912 0.504325
VPMBAUS21 TASK-UA-0750 0.605547 0.659865 0.6257 0.605893 0.607761 0.606125
VPMBAUS06 TASK-UA-0750 0.544051 0.538223 0.531833 0.557246 0.559834 0.561396
VPMBAUS07 TASK-UA-0750 0.662066 0.681285 0.637113 0.626047 0.633035 0.624159
VPMBAUS12 TASK-UA-0750 0.54415 0.561519 0.523712 0.49928 0.510646 0.507793
VPMBAUS01 TASK-UA-0750 0.54144 0.517715 0.524342 0.508755 0.515774 0.507902
VPMBAUS22 TASK-UA-0750 0.514323 0.508743 0.508597 0.493678 0.511639 0.529502
VPMBAUS02 TASK-UA-0750 0.534844 0.555729 0.539205 0.547312 0.553281 0.547746
VPMBAUS03 TASK-UA-0750 0.522693 0.517587 0.512949 0.513538 0.529201 0.51407
VPMBAUS08 TASK-UA-0750 0.608657 0.612743 0.620516 0.581787 0.586402 0.576053
VPMBAUS15 TASK-UA-0750 0.490478 0.515126 0.500904 0.501218 0.511403 0.508045
VPMBAUS16 TASK-UA-0750 0.501264 0.52754 0.508811 0.486127 0.492617 0.487852
VPMBAUS05 TASK-UA-0750 0.409967 0.431803 0.42071 0.417978 0.427809 0.416422
VPMBAUS10 TASK-UA-0750 0.481608 0.484359 0.471273 0.450505 0.466681 0.454527
VPMBAUS11 TASK-UA-1000 0.542709 0.541583 0.526105 0.518183 0.509427 0.51767
VPMBAUS23 TASK-UA-1000 0.45634 0.459916 0.44689 0.438525 0.447733 0.470772
VPMBAUS07 TASK-UA-1000 0.613411 0.608594 0.587506 0.568038 0.574608 0.568316
VPMBAUS21 TASK-UA-1000 0.569422 0.573912 0.566042 0.552719 0.557619 0.554922
VPMBAUS06 TASK-UA-1000 0.496071 0.496095 0.487848 0.461982 0.466704 0.468117
VPMBAUS12 TASK-UA-1000 0.462314 0.492904 0.488478 0.494492 0.506678 0.502795
VPMBAUS01 TASK-UA-1000 0.521526 0.479826 0.492666 0.493778 0.503512 0.495615
VPMBAUS02 TASK-UA-1000 0.515963 0.521391 0.501954 0.492058 0.494854 0.491891
VPMBAUS22 TASK-UA-1000 0.491032 0.477219 0.474393 0.456915 0.472786 0.491744
VPMBAUS15 TASK-UA-1000 0.464207 0.48316 0.474167 0.464878 0.476683 0.471373
VPMBAUS03 TASK-UA-1000 0.482046 0.478819 0.478567 0.44944 0.464723 0.450626
VPMBAUS16 TASK-UA-1000 0.469979 0.487214 0.467508 0.444477 0.457318 0.44908
VPMBAUS08 TASK-UA-1000 0.569512 0.539686 0.548712 0.538912 0.540325 0.534356
VPMBAUS10 TASK-UA-1000 0.452521 0.443767 0.434119 0.419776 0.432553 0.423387
VPMBAUS05 TASK-UA-1000 0.377217 0.398923 0.388609 0.385019 0.394479 0.382022
VPMBAUS11 TASK-UA-2500 0.437651 0.439083 0.392865 0.40507 0.403547 0.418426
VPMBAUS07 TASK-UA-2500 0.426419 0.442036 0.403988 0.387442 0.401995 0.39895
VPMBAUS23 TASK-UA-2500 0.292664 0.337721 0.292667 0.300129 0.310548 0.364293
VPMBAUS06 TASK-UA-2500 0.35892 0.343571 0.323732 0.324763 0.331939 0.333518
VPMBAUS21 TASK-UA-2500 0.373717 0.402313 0.340756 0.354238 0.360872 0.374261
VPMBAUS12 TASK-UA-2500 0.354376 0.347293 0.33395 0.353202 0.364578 0.366486
VPMBAUS01 TASK-UA-2500 0.392801 0.376894 0.355619 0.373153 0.37818 0.373483
VPMBAUS02 TASK-UA-2500 0.337966 0.359355 0.333611 0.349265 0.352125 0.357373
VPMBAUS22 TASK-UA-2500 0.35825 0.352363 0.333903 0.341442 0.349569 0.384266
VPMBAUS15 TASK-UA-2500 0.343825 0.406029 0.360253 0.360656 0.364476 0.369725
VPMBAUS03 TASK-UA-2500 0.330285 0.352068 0.314856 0.324148 0.333191 0.332471
VPMBAUS16 TASK-UA-2500 0.329467 0.346409 0.317895 0.326019 0.333494 0.334069
VPMBAUS08 TASK-UA-2500 0.414779 0.417747 0.383707 0.430948 0.434442 0.439072
VPMBAUS10 TASK-UA-2500 0.346878 0.304994 0.279055 0.311921 0.314315 0.320479
VPMBAUS05 TASK-UA-2500 0.272978 0.288209 0.262266 0.285853 0.290258 0.292923
